+---------------------------------------------------------------------------------------------------------------------------------------------------------------------------------------------------------------------------------------------------+
; Legal Partition Candidates                                                                                                                                                                                                                        ;
+----------------------------------------------+-------+----------------+--------------+----------------+--------+-----------------+---------------+-----------------+-------+----------------+--------------+------------------+-------------------+
; Hierarchy                                    ; Input ; Constant Input ; Unused Input ; Floating Input ; Output ; Constant Output ; Unused Output ; Floating Output ; Bidir ; Constant Bidir ; Unused Bidir ; Input only Bidir ; Output only Bidir ;
+----------------------------------------------+-------+----------------+--------------+----------------+--------+-----------------+---------------+-----------------+-------+----------------+--------------+------------------+-------------------+
; pll|altpll_component|auto_generated          ; 2     ; 0              ; 0            ; 0              ; 6      ; 0               ; 0             ; 0               ; 0     ; 0              ; 0            ; 0                ; 0                 ;
; pll                                          ; 1     ; 0              ; 0            ; 0              ; 4      ; 0               ; 0             ; 0               ; 0     ; 0              ; 0            ; 0                ; 0                 ;
; boot_rom|altsyncram_component|auto_generated ; 13    ; 0              ; 0            ; 0              ; 8      ; 0               ; 0             ; 0               ; 0     ; 0              ; 0            ; 0                ; 0                 ;
; boot_rom                                     ; 13    ; 0              ; 0            ; 0              ; 8      ; 0               ; 0             ; 0               ; 0     ; 0              ; 0            ; 0                ; 0                 ;
; T80s|u0|Regs                                 ; 29    ; 0              ; 0            ; 0              ; 48     ; 0               ; 0             ; 0               ; 0     ; 0              ; 0            ; 0                ; 0                 ;
; T80s|u0|alu                                  ; 38    ; 0              ; 0            ; 0              ; 16     ; 0               ; 0             ; 0               ; 0     ; 0              ; 0            ; 0                ; 0                 ;
; T80s|u0|mcode                                ; 25    ; 0              ; 4            ; 0              ; 69     ; 0               ; 0             ; 0               ; 0     ; 0              ; 0            ; 0                ; 0                 ;
; T80s|u0                                      ; 23    ; 3              ; 0            ; 3              ; 40     ; 3               ; 3             ; 3               ; 0     ; 0              ; 0            ; 0                ; 0                 ;
; T80s                                         ; 14    ; 4              ; 0            ; 4              ; 27     ; 4               ; 4             ; 4               ; 0     ; 0              ; 0            ; 0                ; 0                 ;
; sdram                                        ; 38    ; 12             ; 0            ; 12             ; 29     ; 12              ; 12            ; 12              ; 16    ; 0              ; 0            ; 0                ; 0                 ;
; vga                                          ; 26    ; 7              ; 0            ; 7              ; 20     ; 7               ; 7             ; 7               ; 0     ; 0              ; 0            ; 0                ; 0                 ;
; osd                                          ; 24    ; 0              ; 0            ; 0              ; 20     ; 0               ; 0             ; 0               ; 0     ; 0              ; 0            ; 0                ; 0                 ;
; user_io                                      ; 299   ; 296            ; 0            ; 296            ; 9      ; 296             ; 296           ; 296             ; 0     ; 0              ; 0            ; 0                ; 0                 ;
+----------------------------------------------+-------+----------------+--------------+----------------+--------+-----------------+---------------+-----------------+-------+----------------+--------------+------------------+-------------------+
